1\1\GINC-RS1-C724\Freq\RB3LYP\6-31G\H2O1\MOT\23-Oct-2025\0\\#N Geom=AllCheck Gue
ss=TCheck SCRF=Check GenChk RB3LYP/6-31G Freq\\Gaussian input generated from ASE
\\0,1\O,0.,0.,0.1082824118\H,0.,0.7910950177,-0.4626412109\H,0.,-0.7910950177,-0
.4626412109\\Version=ES64L-G16RevC.02\State=1-A1\HF=-76.3861165\RMSD=0.000e+00\R
MSF=1.511e-04\ZeroPoint=0.0205525\Thermal=0.023388\ETot=-76.3627285\HTot=-76.361
7843\GTot=-76.3832313\Dipole=0.,0.,-0.9433576\DipoleDeriv=-0.8743754,0.,0.,0.,-0
.3826176,0.,0.,0.,-0.2578123,0.4371877,0.,0.,0.,0.1913088,0.1379488,0.,0.1774487
,0.1289061,0.4371877,0.,0.,0.,0.1913088,-0.1379488,0.,-0.1774487,0.1289061\Polar
=1.4508523,0.,7.492466,0.,0.,4.6985364\Quadrupole=-1.0021176,1.2939655,-0.291847
9,0.,0.,0.\PG=C02V [C2(O1),SGV(H2)]\NImag=0\\-0.00030234,0.,0.66326450,0.,0.,0.3
6651256,0.00015117,0.,0.,-0.00010860,0.,-0.33163225,0.16653484,0.,0.36232118,0.,
0.23945612,-0.18325628,0.,-0.20299548,0.17800356,0.00015117,0.,0.,-0.00004257,0.
,0.,-0.00010860,0.,-0.33163225,-0.16653484,0.,-0.03068893,-0.03646064,0.,0.36232
118,0.,-0.23945612,-0.18325628,0.,0.03646064,0.00525272,0.,0.20299548,0.17800356
\\0.,0.,-0.00034641,0.,-0.00011262,0.00017321,0.,0.00011262,0.00017321\\\@
