-------------------------------------
 Mode    Frequency        Intensity
  #    meV     cm^-1   (KM/Mole)
-------------------------------------
  0       9.0      72.9      1.0166
  1      52.4     422.2      7.1401
  2      67.4     543.8     35.9621
  3      73.0     588.3     30.3178
  4      82.2     662.9     83.2380
  5     108.5     875.4      4.7176
  6     124.0    1000.0     26.9622
  7     131.9    1064.1      6.7436
  8     150.8    1216.0    135.3610
  9     166.1    1339.7      9.5249
 10     175.1    1412.3     59.3233
 11     181.1    1460.5     22.0709
 12     181.8    1466.4     17.3382
 13     228.6    1843.7    229.7426
 14     382.0    3080.4      2.2085
 15     390.1    3145.6      0.0061
 16     395.5    3189.8     11.2775
 17     466.8    3764.1     81.9717
