-------------------------------------
 Mode    Frequency        Intensity
  #    meV     cm^-1   (KM/Mole)
-------------------------------------
  0     443.9    3579.7    561.5661
  1     380.8    3071.0     22.8091
  2     367.6    2964.7     43.0662
  3     363.0    2927.7     22.3744
  4     225.2    1815.9    345.2643
  5     176.3    1422.1     10.5296
  6     177.1    1428.4     22.6427
  7     171.1    1379.8    122.7851
  8     164.0    1322.5     19.9486
  9     145.9    1176.3    458.3719
 10     129.4    1043.4    180.8917
 11     122.2     985.3     29.8037
 12     106.6     859.5     13.0290
 13      79.5     641.4    580.5925
 14      72.0     580.3    128.2239
 15      65.9     531.1     98.9049
 16      52.5     423.4      9.7511
 17       9.5      76.2      0.0328
